128
5862 3001
-7289 5927
5378 -3285
7418 -446
5371 5216
5519 -4482
8050 -5025
6931 3741
-4814 -6207
6156 -2546
-4828 5001
3872 7645
-6071 -4729
-6452 -852
1102 -5362
-875 -5800
-3287 2499
3409 -6520
-4206 -2319
-7198 -3526
-3094 -4361
6265 -7721
7989 -8142
656 7733
-3001 7445
-2958 7885
5199 5010
-1159 7067
726 -4546
-7712 8031
216 -7329
2003 -2232
-6879 4128
-574 4437
-5428 5858
-5412 -6174
-479 -2280
3470 4124
8021 5134
5374 -4529
-6386 -2040
4153 -1944
-79 3988
784 -482
5877 -5485
-6792 2689
-6625 98
4982 8181
-5353 240
-7683 -3678
2902 -3390
748 -4857
4694 417
694 -4077
-5242 74
-6194 -2073
244 62
-5266 -301
1261 3938
3590 -4286
-8184 2248
7476 -2154
1905 5885
2869 7619
4613 5946
-5122 -902
866 -6835
4886 -4338
4470 4947
5375 3700
-7701 -7511
4474 7941
1136 7018
-2992 3065
4688 5704
-3263 -6872
-6939 -7963
-7024 -3958
979 2572
406 -2192
-6645 7641
-4631 -7150
-5637 -7777
4544 -5075
-1367 -8045
8163 -859
593 -4724
5982 -6101
398 556
4688 -6757
-7163 1705
425 7944
4841 151
1174 -6487
4064 -8110
1345 6116
-451 7563
4447 -6692
-4729 6001
7272 1829
531 84
-6737 1759
-74 -5209
6142 -7597
-2052 -7108
-5106 -1986
162 3138
372 4827
4996 -974
-2126 -4328
-3780 3357
7050 -5859
6229 -2223
-2414 1211
-6183 6651
3800 -3432
-8081 6928
5250 1100
7639 -3627
-2581 -2310
-2820 7031
3040 5394
8003 4861
-2077 2830
2409 4421
2404 6292
2834 7703
-2138 -1821
