128
32503 2147478953
76735 68792
2147466234 55602
2147443765 2147457948
54602 105590
2147392803 26500
103879 2147402507
20389 2147426488
2147344629 2147424954
2147422909 42797
2147408057 29019
2147461219 2147467266
24639 855
2147478001 2147463884
2147348967 12012
60278 2147425613
20878 114459
112877 2147465949
3987 2147444444
2147376162 4797
2147432493 2147474095
2147444877 2147470226
2147413530 15029
101241 15545
2147477123 108909
64510 2147341030
2147436192 15848
14770 77966
2147480454 42780
2147479575 2147408035
2147473954 2147441322
18911 2147445244
2147438715 87771
2147428598 2147477463
19546 79114
14225 27294
29004 2147483589
2147473281 15514
90149 2147475073
30054 13709
85259 26865
114108 34996
69015 4082
7411 106734
15994 2147401826
23306 2147483562
91978 2147454682
14873 2147394887
2147400699 48102
12544 2147478872
118556 8
2147427719 8305
2147478048 43032
2147472309 2147460129
59725 75027
2147448342 2147458527
2147473833 2147472099
1639 53482
94142 2147469988
84859 2147424959
46093 2147440128
4224 2147464740
63098 2147478221
66177 15841
2147424485 43922
2147457576 2147437096
2147471081 57032
2147470366 30722
11328 2147480367
111807 2147482669
2147426148 2147462314
93441 76301
46999 87065
2147466420 2147477200
34393 2147444546
2147466703 2147418393
34423 2147432018
2147416203 28585
2147474339 2147395218
2147473500 18698
50239 44114
2147431828 64278
116242 2147372861
2147455568 41882
16869 27487
2147466407 2147451814
2147368676 2147428123
2147469654 2147389593
2147440248 2147450642
30780 16377
30979 89429
49245 2147421666
81314 51833
2147474472 102201
2147399334 37894
2147441774 2147430501
2147461217 2147442973
2147453419 70838
39728 19855
2147451711 2147366315
2147375678 28147
2147392511 2147465418
29870 2147371111
15879 36149
131429 15355
2147460212 2147479943
10264 2147407501
29819 63487
2147471735 12602
23140 2147450040
4155 42793
2147405567 2147417940
2147403856 2147475064
2147459326 2147411645
59897 27317
2147463460 9634
2147446730 2147447630
2147393344 100601
38817 2667
15746 2147460408
26145 41358
2147463093 11156
35123 30616
11440 3634
97700 113253
100178 11288
89830 42007
16692 2147481986
